 0.335 10010 10
 0.639 10010 20
 1.339 10010 30
 1.631 10010 40
 2.4 10020 10
 2.719 10020 20
 3.419 10020 30
 3.727 10020 40
 4.431 110 10
 4.736 110 20
 5.436 110 30
 5.743 110 40
 6.495 120 10
 6.895 120 20
 7.595 120 30
 7.983 120 40
 8.671 210 10
 8.96 210 20
 9.66 210 30
 9.967 210 40
 10.704 220 10
 11.151 220 20
 11.851 220 30
 12.303 220 40
 12.959 310 10
 13.264 310 20
 13.964 310 30
 14.271 310 40
 15.023 320 10
 15.503 320 20
 16.203 320 30
 16.671 320 40
 17.344 410 10
 17.631 410 20
 18.331 410 30
 18.64 410 40
 19.407 420 10
 19.888 420 20
 20.588 420 30
 21.023 420 40
 21.648 510 10
 21.967 510 20
 22.667 510 30
 22.975 510 40
 23.679 520 10
 24.175 520 20
 24.875 520 30
 25.359 520 40
 26 610 10
 26.319 610 20
 27.019 610 30
 27.327 610 40
 28.047 620 10
 28.543 620 20
 29.243 620 30
 29.711 620 40
 30.351 710 10
 30.671 710 20
 31.371 710 30
 31.679 710 40
 32.415 720 10
 32.816 720 20
 33.516 720 30
 33.903 720 40
 34.575 810 10
 34.895 810 20
 35.595 810 30
 35.903 810 40
 36.591 820 10
 36.991 820 20
 37.691 820 30
 38.079 820 40
 38.703 20010 10
 39.055 20010 20
 39.755 20010 30
 40.064 20010 40
 40.831 20020 10
 41.135 20020 20
 41.835 20020 30
 42.175 20020 40
 42.864 910 10
 43.151 910 20
 43.851 910 30
 44.16 910 40
 44.895 920 10
 45.295 920 20
 45.995 920 30
 46.464 920 40
 47.12 1010 10
 47.423 1010 20
 48.123 1010 30
 48.431 1010 40
 49.183 1020 10
 49.583 1020 20
 50.283 1020 30
 50.72 1020 40
 51.375 1110 10
 51.679 1110 20
 52.379 1110 30
 52.687 1110 40
 53.44 1120 10
 53.903 1120 20
 54.603 1120 30
 55.039 1120 40
 55.744 1210 10
 56.047 1210 20
 56.747 1210 30
 57.055 1210 40
 57.84 1220 10
 58.239 1220 20
 58.939 1220 30
 59.375 1220 40
 60.015 1310 10
 60.335 1310 20
 61.035 1310 30
 61.343 1310 40
 62.063 1320 10
 62.576 1320 20
 63.276 1320 30
 63.711 1320 40
 64.383 1410 10
 64.703 1410 20
 65.403 1410 30
 65.711 1410 40
 66.431 1420 10
 66.831 1420 20
 67.531 1420 30
 67.951 1420 40
 68.591 1510 10
 68.912 1510 20
 69.612 1510 30
 69.919 1510 40
 70.639 1520 10
 71.04 1520 20
 71.74 1520 30
 72.207 1520 40
 72.847 1610 10
 73.168 1610 20
 73.868 1610 30
 74.175 1610 40
 74.863 1620 10
 75.263 1620 20
 75.963 1620 30
 76.479 1620 40
 77.039 1 10
